A{Aqua:319866-311853-311723

  Asui:20491

  Akeno:144393-313044-153006-304277-321974-320029-321898-321897-313044

  Albedo:318706

  Asuna:291437-312908-321894

  Azur Lane:229144-316695-266583

  Ahegao:2664920-247540-229676

  Animal Girl:296304-301812-237789

B{Bloomers:162528-196329-301292

  BIG ASS:219358-323257-212523

  Bikini:191887-217479-272454

C{Chika:319161-316734-301125

  Calze a rete:301617-227675-229144

D{Dark Skin:324018-199533-142154-256951-281653-279499-282962-164976-297485

  Demon Girl:201583-261813-307818

  Dark Elf:307600-294026-291106

E{Elisabeth:163140-156875-136665

  Erina:303638-248859-187539-172228

  Elf:266826-225792-129523

 {Full Colour:323853-178983-234638-244327-317039-197074-283007-287501-324533

  Fox:321529-317514-314671

  Femdom:184840-252544-304256-318804-318212-317537

  Fate:262707-234191-317251

G{Gyaru:318224-319301-308589-292932-287001-279963

Glasses:103048-128705-313521

H{Hinata:142490-248116-156998

  Hestia:307640-307641-283360

  Harem:301053-278736-192669

I{Ikumi:114482

  Incest:252544-306102-240330

J{
K{Kissing<3:287001-211648-301714

  Kimono:220309-293293-217561

  Konosuba:162662-323112-255924-168574-200382-177478

  koneko:112553-115892-126933

L{Leone:166126

  Love is War:264920-268293-265175

 Leg Lock:281862-165457-301232

M{Mai:296807-310056-285208

  Miku:318145-318370-317986-104988-313679-310723-305756

  Megumin:278119-191039-243845-244327

 MHA:285981-274687-224442

  Monster Girl:322629-254496-184930-144200-240920-255244-255308-274421-275063

  Milf:
267597-318321-295680

  Maid:319346-318317-272298-283439-294287-306608

  Military:236788-215018-261682

N{Nino:305216-303054-298547

Nurse:219023-267506-322330
Not covered:234734-204365-237306
O{Osako:261917
OPM:270418-288308-300599 
Wholesome: 255308, 211648, 278153, 269542, 273447, 147746, 271062, 179267 (Awesome), 171091 (Also great), 206409, 220901, 92807, 86879, 92056, 148080, 223146, 199827, 271048, 253993, 268793, 266987, 277677, 268920, 239463, 253993, 186780 (Wholesome tentacle), 209775, 129071, 285275, 284566, 255772, 280890, 168479, 262711, 265918.
Basic: 275485, 269673, 103269, 241790, 281709, 255869, 89514, 152067, 97730, 285504, 255662 (Good), 204958 (also good), 250647 (Also also good), 222798, 260605, 226861, 245503, 264298, 223147, 67462, 255744, 245737, 170727, 272298, 246448, 179687, 187343, 245131, 123361, 272129, 129281, 217727 (Tanline icon), 178468, 155365 (Shipgirls and Hitler), 274917, 280297, 261063, 228708, 285588, 16316, 214054, 240543, 233321, 203367, 233878, 245942, 246144, 242056, 253992 (Good), 283737, 283101, 210010, 118282.
Mid tier F-ed up: 249743, 280509, 151436, 109851, 60449, 195117, 281135, 276528, 179305 (Mega Milk Origin), 243520, 272768, 151165, 182290, 175852, 234167, 218398, 277324, 245135, 267300, 286003, 221287 (Messed up ending, but basic beginning), 285627, 116513, 182674, 260217, 245341, 218162, 149414, 283036, 112940, 269285, 191773, 248670.
Scarring: 278832, 210510, 77054, 177013 (Metamorphosis), 255918, 114750, 139732, 222855, 261174, 201704, 4280, 215600 (Worse than Metamorphosis. You have been warned.), 228922 (Worse than previous one).
139048 185592 191427 175015 142825 182290 192845 192849 183099 152456 167936 153859 158404 136026 188918 193876 193684 181184 167586 255662 177013 235594 ‌229144 253687 238577 236509 ‌227675 229085 233245 266177
254351 265855 239842 219847 239749 230566 253104 230185 251974 253091 251489 238030 260614 245023 232887 233547 262158 262870 239312 255129
244530 246963 256050 215459 243725 233770 250704 261819 261830 215658 256404 260028 261789 241254 268580 262407 262252 201814 250193 236036
262889 243933 245697 239750 128983 95364 223815 225080 110332 225767 97247 231139 266116 217037 160657 182439 205089 176495 199121 199425
184068 186615 224644 129479 251524 153374 146499 258212 163532 255244 269825 235914 247103 138365 124624 219718 168941 265918 205995 191390
‌225496 259137 231681 161688 ‌199613 259260 260433 235532 ‌88323 272117 170213 256613 ‌258382 224942 181556
152456 167936 139048 185592 191427
175015 142825 182290 192845 192849 183099 192143 142825 153856 158404
136026 188918 193876 193984 76119 
192874 107180 110900 135193 161488 65433 182327 78651 190230 191880 180600 105465 173023 191049 191851 167112 177754 187016 165961 165962 97879 74500 133435 152075 174888 93354 74076 122948 258133
